1699828979584 3.9999999999999996e-05 0
1699828980330 3.9999999999999996e-05 0
1699828981858 3.9999999999999996e-05 0
1699828981894 3.9999999999999996e-05 0
1699828983609 4.000028877853992e-05 1
1699828991790 4.000028877853992e-05 1
1699828991815 4.000028877853992e-05 1
1699828991847 4.000028877853992e-05 1
1699828994064 4.000115511381232e-05 2
1699828994098 4.000115511381232e-05 2
1699828994132 4.000115511381232e-05 2
1699828999884 4.000115511381232e-05 2
1699828999929 4.000259900477463e-05 3
1699828999954 4.000259900477463e-05 3
1699829003988 4.000259900477463e-05 3
1699829004016 4.000259900477463e-05 3
1699829004742 4.0004620449689623e-05 4
1699829012520 4.0004620449689623e-05 4
1699829012548 4.0004620449689623e-05 4
1699829013229 4.0004620449689623e-05 4
1699829014480 4.000721944612501e-05 5
1699829014509 4.000721944612501e-05 5
1699829014534 4.000721944612501e-05 5
1699829020307 4.000721944612501e-05 5
1699829020894 4.00103959909534e-05 6
1699829020925 4.00103959909534e-05 6
1699829021873 4.00103959909534e-05 6
1699829021901 4.00103959909534e-05 6
1699829023724 4.0014150080352876e-05 7
