1699828829247 1.1163426637649536 0
1699828837834 1.263214111328125 1
1699828847015 1.173240065574646 2
1699828847623 1.4455986022949219 3
1699828855892 1.8586483001708984 4
1699828862272 1.6147215366363525 5
1699828866665 1.3872311115264893 6
1699828875493 1.363410234451294 7
1699828883283 1.186661720275879 8
1699828885662 1.4671036005020142 9
1699828897244 1.4374994039535522 10
1699828901974 1.2046890258789062 11
1699828905001 1.4695860147476196 12
1699828912172 1.8085849285125732 13
1699828922061 1.5940815210342407 14
1699828922223 1.5761083364486694 15
1699828932284 1.816685438156128 16
1699828939610 1.416061282157898 17
1699828941427 1.5067131519317627 18
1699828941468 1.7281253337860107 19
