1699828829004 3.9999999999999996e-05 0
1699828829151 3.9999999999999996e-05 0
1699828829178 3.9999999999999996e-05 0
1699828829206 3.9999999999999996e-05 0
1699828829621 4.000028877853992e-05 1
1699828837743 4.000028877853992e-05 1
1699828837773 4.000028877853992e-05 1
1699828837804 4.000028877853992e-05 1
1699828837845 4.000115511381232e-05 2
1699828837874 4.000115511381232e-05 2
1699828838345 4.000115511381232e-05 2
1699828846985 4.000115511381232e-05 2
1699828847495 4.000259900477463e-05 3
1699828847523 4.000259900477463e-05 3
1699828847562 4.000259900477463e-05 3
1699828847593 4.000259900477463e-05 3
1699828847632 4.0004620449689623e-05 4
1699828852957 4.0004620449689623e-05 4
1699828855630 4.0004620449689623e-05 4
1699828855861 4.0004620449689623e-05 4
1699828855902 4.000721944612501e-05 5
1699828855930 4.000721944612501e-05 5
1699828855958 4.000721944612501e-05 5
1699828862242 4.000721944612501e-05 5
1699828865552 4.00103959909534e-05 6
1699828866555 4.00103959909534e-05 6
1699828866592 4.00103959909534e-05 6
1699828866630 4.00103959909534e-05 6
1699828866674 4.0014150080352876e-05 7
1699828872999 4.0014150080352876e-05 7
1699828875277 4.0014150080352876e-05 7
1699828875393 4.0014150080352876e-05 7
1699828875504 4.001848170980633e-05 8
1699828875533 4.001848170980633e-05 8
1699828875560 4.001848170980633e-05 8
1699828883252 4.001848170980633e-05 8
1699828883888 4.002339087410146e-05 9
1699828885567 4.002339087410146e-05 9
1699828885594 4.002339087410146e-05 9
1699828885622 4.002339087410146e-05 9
1699828885673 4.0028877567331524e-05 10
1699828893620 4.0028877567331524e-05 10
1699828893646 4.0028877567331524e-05 10
1699828897214 4.0028877567331524e-05 10
1699828897254 4.003494178289493e-05 11
1699828897283 4.003494178289493e-05 11
1699828897309 4.003494178289493e-05 11
1699828901929 4.003494178289493e-05 11
1699828902716 4.004158351349457e-05 12
1699828904921 4.004158351349457e-05 12
1699828904946 4.004158351349457e-05 12
1699828904971 4.004158351349457e-05 12
1699828905010 4.004880275113899e-05 13
1699828912074 4.004880275113899e-05 13
1699828912112 4.004880275113899e-05 13
1699828912137 4.004880275113899e-05 13
1699828912182 4.005659948714169e-05 14
1699828912216 4.005659948714169e-05 14
1699828912244 4.005659948714169e-05 14
1699828922019 4.005659948714169e-05 14
1699828922070 4.006497371212127e-05 15
1699828922117 4.006497371212127e-05 15
1699828922159 4.006497371212127e-05 15
1699828922195 4.006497371212127e-05 15
1699828922232 4.0073925416001595e-05 16
1699828932143 4.0073925416001595e-05 16
1699828932175 4.0073925416001595e-05 16
1699828932224 4.0073925416001595e-05 16
1699828932298 4.008345458801133e-05 17
1699828932336 4.008345458801133e-05 17
1699828932366 4.008345458801133e-05 17
1699828939578 4.008345458801133e-05 17
1699828940116 4.009356121668494e-05 18
1699828940143 4.009356121668494e-05 18
1699828940560 4.009356121668494e-05 18
1699828941397 4.009356121668494e-05 18
1699828941437 4.0104245289861455e-05 19
